1,2,3,0	0.2422344752817276	0.07381666935792452
1,2,4,0	0.16297632622301172	0.01397981724405195
1,2,5,0	0.2118635620322955	0.01722273419270115
1,2,6,0	0.18266731473673214	0.022502258261492436
1,2,7,0	0.2012232901473192	0.048327648935018175
1,5,3,0	0.08577537747196651	0.03356868792780876
1,5,4,0	0.12623301108797502	0.08040873445498109
1,5,6,0	0.09103263000664441	0.0379881841893841
1,6,3,0	0.08659755145525772	0.029323010625104562
1,6,4,0	0.07932089215034743	0.03503074478552248
2,3,4,0	0.07177301109318623	0.02448845555426349
2,3,6,0	0.12750286155244517	0.06997359714956097
2,5,3,0	0.11099373573493487	0.0104776922608254
2,5,4,0	0.10133098230663151	0.02100339065615886
2,5,6,0	0.10974180813761336	0.025085278318776716
2,5,7,0	0.10516655762698157	0.009801963056842666
3,5,4,0	0.056909966390846556	0.013033472657270284
3,5,6,0	0.12112591872357914	0.07095309443805409
3,7,1,0	0.1009324086165222	0.04295962076571547
3,7,2,0	0.12157841542281034	0.053766345741904864
3,7,4,0	0.0832276653622035	0.02717733184297222
4,7,1,0	0.12964161611504732	0.0806847125304877
4,7,2,0	0.10298668300796976	0.05799653650578307
5,7,1,0	0.06917700878256827	0.015009056471374294
5,7,3,0	0.11907991296095322	0.05023136164053543
5,7,4,0	0.07938862119140122	0.02032310901602452
6,7,1,0	0.1179911847761499	0.04703311589160242
6,7,2,0	0.0893029354981838	0.02520285471191297
6,7,3,0	0.11815907381193913	0.041031413625038926
6,7,4,0	0.11408529650857702	0.05334265602088184
6,7,5,0	0.11316163228393794	0.03893456413648977
