1,2	0.1299734849612446	0.1172150200923956
2,5	0.06591682290726686	0.044963109584906125
6,7	0.042055044084261084	0.027130912952656683
5,7	0.040769624047330755	0.008414958835745612
3,7	0.03379751901417327	0.017862396435075478
1,5	0.030629362939395666	5.83855193978966E-4
4,7	0.029338563070250068	0.009904841878874304
3,5	0.02933690893747576	0.007515695371034692
2,3	0.02891686041870356	0.02438268972883062
1,6	0.02870352539583898	0.016088551730402578
4,5	0.02751142434863585	0.0021916121699168123
1,7	0.02604876018200475	0.0018893434239313223
5,6	0.025446909246925387	0.004636687127977268
1,3	0.024986760879679437	0.011360795766750087
1,4	0.0239284311696335	0.0068038674444261815
2,7	0.02286614805002296	0.0077985257150055
3,6	0.018900063687047997	0.014509384200588116
2,6	0.0159363550064886	0.012413175764108608
3,4	0.015048808093160115	0.006148538546928428
2,4	0.01405249179618595	0.006019722494034596
4,6	0.010472598544044587	0.002583320445306292
