1,2,0	2.945484568864417
1,2,9999999	3.8155110839031723
1,2,9999999,9999999	1.0
1,2,9999999,9999999,1	1.48514733796944
1,2,9999999,9999999,1,0,9999999	2.4742222083234875
1,2,9999999,9999999,2	1.497689219410113
1,2,9999999,9999999,2,0,9999999	2.4958558841872165
1,3,0	2.9957367521280367
1,3,9999999	3.9707499912483573
1,3,9999999,9999999	1.0
1,3,9999999,9999999,1	1.48514733796944
1,3,9999999,9999999,1,0,9999999	2.4742222083234875
1,3,9999999,9999999,3	1.5143156723945526
1,3,9999999,9999999,3,0,9999999	2.511614836927576
1,4,0	2.944661517239415
1,4,9999999	3.9207330860697813
1,4,9999999,9999999	1.0
1,4,9999999,9999999,1	1.48514733796944
1,4,9999999,9999999,1,0,9999999	2.4742222083234875
1,4,9999999,9999999,4	1.4782442390045627
1,4,9999999,9999999,4,0,9999999	2.472044804925308
1,6,0	2.9280780315713995
1,6,9999999	3.8993745061755605
1,6,9999999,9999999	1.0
1,6,9999999,9999999,1	1.48514733796944
1,6,9999999,9999999,1,0,9999999	2.4742222083234875
1,6,9999999,9999999,6	1.452866232379231
1,6,9999999,9999999,6,0,9999999	2.4511763883597473
2,6,0	2.939354325255462
2,6,9999999	3.9234179702489733
2,6,9999999,9999999	1.0
2,6,9999999,9999999,2	1.497689219410113
2,6,9999999,9999999,2,0,9999999	2.4958558841872165
2,6,9999999,9999999,6	1.452866232379231
2,6,9999999,9999999,6,0,9999999	2.4511763883597473
3,2,0	2.9994193373104627
3,2,9999999	3.970502476891759
3,2,9999999,9999999	1.0
3,2,9999999,9999999,2	1.497689219410113
3,2,9999999,9999999,2,0,9999999	2.4958558841872165
3,2,9999999,9999999,3	1.5143156723945526
3,2,9999999,9999999,3,0,9999999	2.511614836927576
3,6,0	2.9611344413127605
3,6,9999999	3.9422343776257125
3,6,9999999,9999999	1.0
3,6,9999999,9999999,3	1.5143156723945526
3,6,9999999,9999999,3,0,9999999	2.511614836927576
3,6,9999999,9999999,6	1.452866232379231
3,6,9999999,9999999,6,0,9999999	2.4511763883597473
4,2,0	2.9642958387480625
4,2,9999999	3.9502433469518765
4,2,9999999,9999999	1.0
4,2,9999999,9999999,2	1.497689219410113
4,2,9999999,9999999,2,0,9999999	2.4958558841872165
4,2,9999999,9999999,4	1.4782442390045627
4,2,9999999,9999999,4,0,9999999	2.472044804925308
4,3,0	2.966089430160604
4,3,9999999	3.9510406220674437
4,3,9999999,9999999	1.0
4,3,9999999,9999999,3	1.5143156723945526
4,3,9999999,9999999,3,0,9999999	2.511614836927576
4,3,9999999,9999999,4	1.4782442390045627
4,3,9999999,9999999,4,0,9999999	2.472044804925308
4,6,0	2.9093242028451085
4,6,9999999	3.898851604301064
4,6,9999999,9999999	1.0
4,6,9999999,9999999,4	1.4782442390045627
4,6,9999999,9999999,4,0,9999999	2.472044804925308
4,6,9999999,9999999,6	1.452866232379231
4,6,9999999,9999999,6,0,9999999	2.4511763883597473
5,1,0	2.962107602610598
5,1,9999999	3.9314782396712022
5,1,9999999,9999999	1.0
5,1,9999999,9999999,1	1.48514733796944
5,1,9999999,9999999,1,0,9999999	2.4742222083234875
5,1,9999999,9999999,5	1.4843467414513651
5,1,9999999,9999999,5,0,9999999	2.465226363351901
5,2,0	2.9753550888507236
5,2,9999999	3.909438265943457
5,2,9999999,9999999	1.0
5,2,9999999,9999999,2	1.497689219410113
5,2,9999999,9999999,2,0,9999999	2.4958558841872165
5,2,9999999,9999999,5	1.4843467414513651
5,2,9999999,9999999,5,0,9999999	2.465226363351901
5,3,0	2.9877165594534407
5,3,9999999	3.958379650515965
5,3,9999999,9999999	1.0
5,3,9999999,9999999,3	1.5143156723945526
5,3,9999999,9999999,3,0,9999999	2.511614836927576
5,3,9999999,9999999,5	1.4843467414513651
5,3,9999999,9999999,5,0,9999999	2.465226363351901
5,4,0	2.9547741602268105
5,4,9999999	3.9272627358781746
5,4,9999999,9999999	1.0
5,4,9999999,9999999,4	1.4782442390045627
5,4,9999999,9999999,4,0,9999999	2.472044804925308
5,4,9999999,9999999,5	1.4843467414513651
5,4,9999999,9999999,5,0,9999999	2.465226363351901
5,6,0	2.9250062025811663
5,6,9999999	3.899559293334241
5,6,9999999,9999999	1.0
5,6,9999999,9999999,5	1.4843467414513651
5,6,9999999,9999999,5,0,9999999	2.465226363351901
5,6,9999999,9999999,6	1.452866232379231
5,6,9999999,9999999,6,0,9999999	2.4511763883597473
5,7,0	2.9150010758505553
5,7,9999999	3.8742314518032246
5,7,9999999,9999999	1.0
5,7,9999999,9999999,5	1.4843467414513651
5,7,9999999,9999999,5,0,9999999	2.465226363351901
5,7,9999999,9999999,7	1.4547509823331688
5,7,9999999,9999999,7,0,9999999	2.441516695221048
7,1,0	2.930763493981382
7,1,9999999	3.904714733799377
7,1,9999999,9999999	1.0
7,1,9999999,9999999,1	1.48514733796944
7,1,9999999,9999999,1,0,9999999	2.4742222083234875
7,1,9999999,9999999,7	1.4547509823331688
7,1,9999999,9999999,7,0,9999999	2.441516695221048
7,2,0	2.925405527318022
7,2,9999999	3.902539379267999
7,2,9999999,9999999	1.0
7,2,9999999,9999999,2	1.497689219410113
7,2,9999999,9999999,2,0,9999999	2.4958558841872165
7,2,9999999,9999999,7	1.4547509823331688
7,2,9999999,9999999,7,0,9999999	2.441516695221048
7,3,0	2.9631611013007295
7,3,9999999	3.9293635822865562
7,3,9999999,9999999	1.0
7,3,9999999,9999999,3	1.5143156723945526
7,3,9999999,9999999,3,0,9999999	2.511614836927576
7,3,9999999,9999999,7	1.4547509823331688
7,3,9999999,9999999,7,0,9999999	2.441516695221048
7,4,0	2.9227506621921204
7,4,9999999	3.8934120991218704
7,4,9999999,9999999	1.0
7,4,9999999,9999999,4	1.4782442390045627
7,4,9999999,9999999,4,0,9999999	2.472044804925308
7,4,9999999,9999999,7	1.4547509823331688
7,4,9999999,9999999,7,0,9999999	2.441516695221048
7,6,0	2.902237529818536
7,6,9999999	3.860182485734275
7,6,9999999,9999999	1.0
7,6,9999999,9999999,6	1.452866232379231
7,6,9999999,9999999,6,0,9999999	2.4511763883597473
7,6,9999999,9999999,7	1.4547509823331688
7,6,9999999,9999999,7,0,9999999	2.441516695221048
