1,2,3,0	4.378695685863454
1,2,3,9999999	5.136461210581726
1,2,3,9999999,9999999	1.0
1,2,3,9999999,9999999,1	1.48514733796944
1,2,3,9999999,9999999,1,0,9999999	2.4742222083234875
1,2,3,9999999,9999999,1,2	2.945484568864417
1,2,3,9999999,9999999,1,2,0,9999999	3.8155110839031723
1,2,3,9999999,9999999,1,3	2.9957367521280367
1,2,3,9999999,9999999,1,3,0,9999999	3.9707499912483573
1,2,3,9999999,9999999,2	1.497689219410113
1,2,3,9999999,9999999,2,0,9999999	2.4958558841872165
1,2,3,9999999,9999999,2,3	2.9994193373104636
1,2,3,9999999,9999999,2,3,0,9999999	3.970502476891759
1,2,3,9999999,9999999,3	1.5143156723945526
1,2,3,9999999,9999999,3,0,9999999	2.511614836927576
1,2,4,0	4.333152742727882
1,2,4,9999999	5.17017641650487
1,2,4,9999999,9999999	1.0
1,2,4,9999999,9999999,1	1.48514733796944
1,2,4,9999999,9999999,1,0,9999999	2.4742222083234875
1,2,4,9999999,9999999,1,2	2.945484568864417
1,2,4,9999999,9999999,1,2,0,9999999	3.8155110839031723
1,2,4,9999999,9999999,1,4	2.944661517239415
1,2,4,9999999,9999999,1,4,0,9999999	3.9207330860697813
1,2,4,9999999,9999999,2	1.497689219410113
1,2,4,9999999,9999999,2,0,9999999	2.4958558841872165
1,2,4,9999999,9999999,2,4	2.964295838748062
1,2,4,9999999,9999999,2,4,0,9999999	3.9502433469518765
1,2,4,9999999,9999999,4	1.4782442390045627
1,2,4,9999999,9999999,4,0,9999999	2.472044804925308
1,2,5,0	4.384152725870885
1,2,5,9999999	5.172289163838589
1,2,5,9999999,9999999	1.0
1,2,5,9999999,9999999,1	1.48514733796944
1,2,5,9999999,9999999,1,0,9999999	2.4742222083234875
1,2,5,9999999,9999999,1,2	2.945484568864417
1,2,5,9999999,9999999,1,2,0,9999999	3.8155110839031723
1,2,5,9999999,9999999,1,5	2.9621076026105984
1,2,5,9999999,9999999,1,5,0,9999999	3.9314782396712022
1,2,5,9999999,9999999,2	1.497689219410113
1,2,5,9999999,9999999,2,0,9999999	2.4958558841872165
1,2,5,9999999,9999999,2,5	2.9753550888507236
1,2,5,9999999,9999999,2,5,0,9999999	3.909438265943457
1,2,5,9999999,9999999,5	1.4843467414513651
1,2,5,9999999,9999999,5,0,9999999	2.465226363351901
1,2,6,0	4.347924699010984
1,2,6,9999999	5.165257384274252
1,2,6,9999999,9999999	1.0
1,2,6,9999999,9999999,1	1.48514733796944
1,2,6,9999999,9999999,1,0,9999999	2.4742222083234875
1,2,6,9999999,9999999,1,2	2.945484568864417
1,2,6,9999999,9999999,1,2,0,9999999	3.8155110839031723
1,2,6,9999999,9999999,1,6	2.9280780315713995
1,2,6,9999999,9999999,1,6,0,9999999	3.8993745061755605
1,2,6,9999999,9999999,2	1.497689219410113
1,2,6,9999999,9999999,2,0,9999999	2.4958558841872165
1,2,6,9999999,9999999,2,6	2.939354325255462
1,2,6,9999999,9999999,2,6,0,9999999	3.9234179702489733
1,2,6,9999999,9999999,6	1.452866232379231
1,2,6,9999999,9999999,6,0,9999999	2.4511763883597473
1,2,7,0	4.326269057020019
1,2,7,9999999	5.1250457668727
1,2,7,9999999,9999999	1.0
1,2,7,9999999,9999999,1	1.48514733796944
1,2,7,9999999,9999999,1,0,9999999	2.4742222083234875
1,2,7,9999999,9999999,1,2	2.945484568864417
1,2,7,9999999,9999999,1,2,0,9999999	3.8155110839031723
1,2,7,9999999,9999999,1,7	2.9307634939813814
1,2,7,9999999,9999999,1,7,0,9999999	3.904714733799378
1,2,7,9999999,9999999,2	1.497689219410113
1,2,7,9999999,9999999,2,0,9999999	2.4958558841872165
1,2,7,9999999,9999999,2,7	2.9254055273180217
1,2,7,9999999,9999999,2,7,0,9999999	3.9025393792679988
1,2,7,9999999,9999999,7	1.4547509823331688
1,2,7,9999999,9999999,7,0,9999999	2.441516695221048
1,5,3,0	4.420386508544107
1,5,3,9999999	5.3346111310721405
1,5,3,9999999,9999999	1.0
1,5,3,9999999,9999999,1	1.48514733796944
1,5,3,9999999,9999999,1,0,9999999	2.4742222083234875
1,5,3,9999999,9999999,1,3	2.9957367521280367
1,5,3,9999999,9999999,1,3,0,9999999	3.9707499912483573
1,5,3,9999999,9999999,1,5	2.9621076026105984
1,5,3,9999999,9999999,1,5,0,9999999	3.9314782396712022
1,5,3,9999999,9999999,3	1.5143156723945526
1,5,3,9999999,9999999,3,0,9999999	2.511614836927576
1,5,3,9999999,9999999,5	1.4843467414513651
1,5,3,9999999,9999999,5,0,9999999	2.465226363351901
1,5,3,9999999,9999999,5,3	2.9877165594534407
1,5,3,9999999,9999999,5,3,0,9999999	3.958379650515965
1,5,4,0	4.390671184877517
1,5,4,9999999	5.264438173789542
1,5,4,9999999,9999999	1.0
1,5,4,9999999,9999999,1	1.48514733796944
1,5,4,9999999,9999999,1,0,9999999	2.4742222083234875
1,5,4,9999999,9999999,1,4	2.944661517239415
1,5,4,9999999,9999999,1,4,0,9999999	3.9207330860697813
1,5,4,9999999,9999999,1,5	2.9621076026105984
1,5,4,9999999,9999999,1,5,0,9999999	3.9314782396712022
1,5,4,9999999,9999999,4	1.4782442390045627
1,5,4,9999999,9999999,4,0,9999999	2.472044804925308
1,5,4,9999999,9999999,5	1.4843467414513651
1,5,4,9999999,9999999,5,0,9999999	2.465226363351901
1,5,4,9999999,9999999,5,4	2.9547741602268105
1,5,4,9999999,9999999,5,4,0,9999999	3.9272627358781746
1,5,6,0	4.364586700185878
1,5,6,9999999	5.273554070179234
1,5,6,9999999,9999999	1.0
1,5,6,9999999,9999999,1	1.48514733796944
1,5,6,9999999,9999999,1,0,9999999	2.4742222083234875
1,5,6,9999999,9999999,1,5	2.9621076026105984
1,5,6,9999999,9999999,1,5,0,9999999	3.9314782396712022
1,5,6,9999999,9999999,1,6	2.9280780315713995
1,5,6,9999999,9999999,1,6,0,9999999	3.8993745061755605
1,5,6,9999999,9999999,5	1.4843467414513651
1,5,6,9999999,9999999,5,0,9999999	2.465226363351901
1,5,6,9999999,9999999,5,6	2.9250062025811663
1,5,6,9999999,9999999,5,6,0,9999999	3.899559293334241
1,5,6,9999999,9999999,6	1.452866232379231
1,5,6,9999999,9999999,6,0,9999999	2.4511763883597473
1,6,3,0	4.3730941378134895
1,6,3,9999999	5.286496586358232
1,6,3,9999999,9999999	1.0
1,6,3,9999999,9999999,1	1.48514733796944
1,6,3,9999999,9999999,1,0,9999999	2.4742222083234875
1,6,3,9999999,9999999,1,3	2.9957367521280367
1,6,3,9999999,9999999,1,3,0,9999999	3.9707499912483573
1,6,3,9999999,9999999,1,6	2.9280780315713995
1,6,3,9999999,9999999,1,6,0,9999999	3.8993745061755605
1,6,3,9999999,9999999,3	1.5143156723945526
1,6,3,9999999,9999999,3,0,9999999	2.511614836927576
1,6,3,9999999,9999999,6	1.452866232379231
1,6,3,9999999,9999999,6,0,9999999	2.4511763883597473
1,6,3,9999999,9999999,6,3	2.96113444131276
1,6,3,9999999,9999999,6,3,0,9999999	3.9422343776257125
1,6,4,0	4.348715234928778
1,6,4,9999999	5.269394342778431
1,6,4,9999999,9999999	1.0
1,6,4,9999999,9999999,1	1.48514733796944
1,6,4,9999999,9999999,1,0,9999999	2.4742222083234875
1,6,4,9999999,9999999,1,4	2.944661517239415
1,6,4,9999999,9999999,1,4,0,9999999	3.9207330860697813
1,6,4,9999999,9999999,1,6	2.9280780315713995
1,6,4,9999999,9999999,1,6,0,9999999	3.8993745061755605
1,6,4,9999999,9999999,4	1.4782442390045627
1,6,4,9999999,9999999,4,0,9999999	2.472044804925308
1,6,4,9999999,9999999,6	1.452866232379231
1,6,4,9999999,9999999,6,0,9999999	2.4511763883597473
1,6,4,9999999,9999999,6,4	2.909324202845108
1,6,4,9999999,9999999,6,4,0,9999999	3.8988516043010644
2,3,4,0	4.3633673474946875
2,3,4,9999999	5.291594336401501
2,3,4,9999999,9999999	1.0
2,3,4,9999999,9999999,2	1.497689219410113
2,3,4,9999999,9999999,2,0,9999999	2.4958558841872165
2,3,4,9999999,9999999,2,3	2.9994193373104636
2,3,4,9999999,9999999,2,3,0,9999999	3.970502476891759
2,3,4,9999999,9999999,2,4	2.964295838748062
2,3,4,9999999,9999999,2,4,0,9999999	3.9502433469518765
2,3,4,9999999,9999999,3	1.5143156723945526
2,3,4,9999999,9999999,3,0,9999999	2.511614836927576
2,3,4,9999999,9999999,3,4	2.966089430160604
2,3,4,9999999,9999999,3,4,0,9999999	3.9510406220674437
2,3,4,9999999,9999999,4	1.4782442390045627
2,3,4,9999999,9999999,4,0,9999999	2.472044804925308
2,3,6,0	4.41484680129239
2,3,6,9999999	5.287343939739944
2,3,6,9999999,9999999	1.0
2,3,6,9999999,9999999,2	1.497689219410113
2,3,6,9999999,9999999,2,0,9999999	2.4958558841872165
2,3,6,9999999,9999999,2,3	2.9994193373104636
2,3,6,9999999,9999999,2,3,0,9999999	3.970502476891759
2,3,6,9999999,9999999,2,6	2.939354325255462
2,3,6,9999999,9999999,2,6,0,9999999	3.9234179702489733
2,3,6,9999999,9999999,3	1.5143156723945526
2,3,6,9999999,9999999,3,0,9999999	2.511614836927576
2,3,6,9999999,9999999,3,6	2.9611344413127605
2,3,6,9999999,9999999,3,6,0,9999999	3.9422343776257125
2,3,6,9999999,9999999,6	1.452866232379231
2,3,6,9999999,9999999,6,0,9999999	2.4511763883597473
2,5,3,0	4.447902403154367
2,5,3,9999999	5.336908667419432
2,5,3,9999999,9999999	1.0
2,5,3,9999999,9999999,2	1.497689219410113
2,5,3,9999999,9999999,2,0,9999999	2.4958558841872165
2,5,3,9999999,9999999,2,3	2.9994193373104636
2,5,3,9999999,9999999,2,3,0,9999999	3.970502476891759
2,5,3,9999999,9999999,2,5	2.9753550888507236
2,5,3,9999999,9999999,2,5,0,9999999	3.909438265943457
2,5,3,9999999,9999999,3	1.5143156723945526
2,5,3,9999999,9999999,3,0,9999999	2.511614836927576
2,5,3,9999999,9999999,5	1.4843467414513651
2,5,3,9999999,9999999,5,0,9999999	2.465226363351901
2,5,3,9999999,9999999,5,3	2.9877165594534407
2,5,3,9999999,9999999,5,3,0,9999999	3.958379650515965
2,5,4,0	4.413654696525856
2,5,4,9999999	5.312323714219224
2,5,4,9999999,9999999	1.0
2,5,4,9999999,9999999,2	1.497689219410113
2,5,4,9999999,9999999,2,0,9999999	2.4958558841872165
2,5,4,9999999,9999999,2,4	2.964295838748062
2,5,4,9999999,9999999,2,4,0,9999999	3.9502433469518765
2,5,4,9999999,9999999,2,5	2.9753550888507236
2,5,4,9999999,9999999,2,5,0,9999999	3.909438265943457
2,5,4,9999999,9999999,4	1.4782442390045627
2,5,4,9999999,9999999,4,0,9999999	2.472044804925308
2,5,4,9999999,9999999,5	1.4843467414513651
2,5,4,9999999,9999999,5,0,9999999	2.465226363351901
2,5,4,9999999,9999999,5,4	2.9547741602268105
2,5,4,9999999,9999999,5,4,0,9999999	3.9272627358781746
2,5,6,0	4.387669343946865
2,5,6,9999999	5.277927535809251
2,5,6,9999999,9999999	1.0
2,5,6,9999999,9999999,2	1.497689219410113
2,5,6,9999999,9999999,2,0,9999999	2.4958558841872165
2,5,6,9999999,9999999,2,5	2.9753550888507236
2,5,6,9999999,9999999,2,5,0,9999999	3.909438265943457
2,5,6,9999999,9999999,2,6	2.939354325255462
2,5,6,9999999,9999999,2,6,0,9999999	3.9234179702489733
2,5,6,9999999,9999999,5	1.4843467414513651
2,5,6,9999999,9999999,5,0,9999999	2.465226363351901
2,5,6,9999999,9999999,5,6	2.9250062025811663
2,5,6,9999999,9999999,5,6,0,9999999	3.899559293334241
2,5,6,9999999,9999999,6	1.452866232379231
2,5,6,9999999,9999999,6,0,9999999	2.4511763883597473
2,5,7,0	4.350207360926573
2,5,7,9999999	5.245040803299592
2,5,7,9999999,9999999	1.0
2,5,7,9999999,9999999,2	1.497689219410113
2,5,7,9999999,9999999,2,0,9999999	2.4958558841872165
2,5,7,9999999,9999999,2,5	2.9753550888507236
2,5,7,9999999,9999999,2,5,0,9999999	3.909438265943457
2,5,7,9999999,9999999,2,7	2.9254055273180217
2,5,7,9999999,9999999,2,7,0,9999999	3.9025393792679988
2,5,7,9999999,9999999,5	1.4843467414513651
2,5,7,9999999,9999999,5,0,9999999	2.465226363351901
2,5,7,9999999,9999999,5,7	2.9150010758505553
2,5,7,9999999,9999999,5,7,0,9999999	3.8742314518032246
2,5,7,9999999,9999999,7	1.4547509823331688
2,5,7,9999999,9999999,7,0,9999999	2.441516695221048
3,5,4,0	4.418633460537163
3,5,4,9999999	5.361723494146316
3,5,4,9999999,9999999	1.0
3,5,4,9999999,9999999,3	1.5143156723945526
3,5,4,9999999,9999999,3,0,9999999	2.511614836927576
3,5,4,9999999,9999999,3,4	2.966089430160604
3,5,4,9999999,9999999,3,4,0,9999999	3.9510406220674437
3,5,4,9999999,9999999,3,5	2.9877165594534407
3,5,4,9999999,9999999,3,5,0,9999999	3.958379650515965
3,5,4,9999999,9999999,4	1.4782442390045627
3,5,4,9999999,9999999,4,0,9999999	2.472044804925308
3,5,4,9999999,9999999,5	1.4843467414513651
3,5,4,9999999,9999999,5,0,9999999	2.465226363351901
3,5,4,9999999,9999999,5,4	2.9547741602268105
3,5,4,9999999,9999999,5,4,0,9999999	3.9272627358781746
3,5,6,0	4.365583748702188
3,5,6,9999999	5.244457829978609
3,5,6,9999999,9999999	1.0
3,5,6,9999999,9999999,3	1.5143156723945526
3,5,6,9999999,9999999,3,0,9999999	2.511614836927576
3,5,6,9999999,9999999,3,5	2.9877165594534407
3,5,6,9999999,9999999,3,5,0,9999999	3.958379650515965
3,5,6,9999999,9999999,3,6	2.9611344413127605
3,5,6,9999999,9999999,3,6,0,9999999	3.9422343776257125
3,5,6,9999999,9999999,5	1.4843467414513651
3,5,6,9999999,9999999,5,0,9999999	2.465226363351901
3,5,6,9999999,9999999,5,6	2.9250062025811663
3,5,6,9999999,9999999,5,6,0,9999999	3.899559293334241
3,5,6,9999999,9999999,6	1.452866232379231
3,5,6,9999999,9999999,6,0,9999999	2.4511763883597473
3,7,1,0	4.405315184954585
3,7,1,9999999	5.304382776338063
3,7,1,9999999,9999999	1.0
3,7,1,9999999,9999999,1	1.48514733796944
3,7,1,9999999,9999999,1,0,9999999	2.4742222083234875
3,7,1,9999999,9999999,3	1.5143156723945526
3,7,1,9999999,9999999,3,0,9999999	2.511614836927576
3,7,1,9999999,9999999,3,1	2.9957367521280363
3,7,1,9999999,9999999,3,1,0,9999999	3.9707499912483573
3,7,1,9999999,9999999,3,7	2.9631611013007295
3,7,1,9999999,9999999,3,7,0,9999999	3.9293635822865562
3,7,1,9999999,9999999,7	1.4547509823331688
3,7,1,9999999,9999999,7,0,9999999	2.441516695221048
3,7,1,9999999,9999999,7,1	2.930763493981382
3,7,1,9999999,9999999,7,1,0,9999999	3.904714733799377
3,7,2,0	4.410124029295506
3,7,2,9999999	5.288545613872696
3,7,2,9999999,9999999	1.0
3,7,2,9999999,9999999,2	1.497689219410113
3,7,2,9999999,9999999,2,0,9999999	2.4958558841872165
3,7,2,9999999,9999999,3	1.5143156723945526
3,7,2,9999999,9999999,3,0,9999999	2.511614836927576
3,7,2,9999999,9999999,3,2	2.9994193373104627
3,7,2,9999999,9999999,3,2,0,9999999	3.970502476891759
3,7,2,9999999,9999999,3,7	2.9631611013007295
3,7,2,9999999,9999999,3,7,0,9999999	3.9293635822865562
3,7,2,9999999,9999999,7	1.4547509823331688
3,7,2,9999999,9999999,7,0,9999999	2.441516695221048
3,7,2,9999999,9999999,7,2	2.925405527318022
3,7,2,9999999,9999999,7,2,0,9999999	3.902539379267999
3,7,4,0	4.379776048852999
3,7,4,9999999	5.296548383490795
3,7,4,9999999,9999999	1.0
3,7,4,9999999,9999999,3	1.5143156723945526
3,7,4,9999999,9999999,3,0,9999999	2.511614836927576
3,7,4,9999999,9999999,3,4	2.966089430160604
3,7,4,9999999,9999999,3,4,0,9999999	3.9510406220674437
3,7,4,9999999,9999999,3,7	2.9631611013007295
3,7,4,9999999,9999999,3,7,0,9999999	3.9293635822865562
3,7,4,9999999,9999999,4	1.4782442390045627
3,7,4,9999999,9999999,4,0,9999999	2.472044804925308
3,7,4,9999999,9999999,7	1.4547509823331688
3,7,4,9999999,9999999,7,0,9999999	2.441516695221048
3,7,4,9999999,9999999,7,4	2.9227506621921204
3,7,4,9999999,9999999,7,4,0,9999999	3.8934120991218704
4,7,1,0	4.358133070500161
4,7,1,9999999	5.2284914543851135
4,7,1,9999999,9999999	1.0
4,7,1,9999999,9999999,1	1.48514733796944
4,7,1,9999999,9999999,1,0,9999999	2.4742222083234875
4,7,1,9999999,9999999,4	1.4782442390045627
4,7,1,9999999,9999999,4,0,9999999	2.472044804925308
4,7,1,9999999,9999999,4,1	2.9446615172394144
4,7,1,9999999,9999999,4,1,0,9999999	3.9207330860697813
4,7,1,9999999,9999999,4,7	2.9227506621921204
4,7,1,9999999,9999999,4,7,0,9999999	3.8934120991218704
4,7,1,9999999,9999999,7	1.4547509823331688
4,7,1,9999999,9999999,7,0,9999999	2.441516695221048
4,7,1,9999999,9999999,7,1	2.930763493981382
4,7,1,9999999,9999999,7,1,0,9999999	3.904714733799377
4,7,2,0	4.335963563529599
4,7,2,9999999	5.23297688052163
4,7,2,9999999,9999999	1.0
4,7,2,9999999,9999999,2	1.497689219410113
4,7,2,9999999,9999999,2,0,9999999	2.4958558841872165
4,7,2,9999999,9999999,4	1.4782442390045627
4,7,2,9999999,9999999,4,0,9999999	2.472044804925308
4,7,2,9999999,9999999,4,2	2.9642958387480625
4,7,2,9999999,9999999,4,2,0,9999999	3.9502433469518765
4,7,2,9999999,9999999,4,7	2.9227506621921204
4,7,2,9999999,9999999,4,7,0,9999999	3.8934120991218704
4,7,2,9999999,9999999,7	1.4547509823331688
4,7,2,9999999,9999999,7,0,9999999	2.441516695221048
4,7,2,9999999,9999999,7,2	2.925405527318022
4,7,2,9999999,9999999,7,2,0,9999999	3.902539379267999
5,7,1,0	4.369364386681185
5,7,1,9999999	5.300187377898617
5,7,1,9999999,9999999	1.0
5,7,1,9999999,9999999,1	1.48514733796944
5,7,1,9999999,9999999,1,0,9999999	2.4742222083234875
5,7,1,9999999,9999999,5	1.4843467414513651
5,7,1,9999999,9999999,5,0,9999999	2.465226363351901
5,7,1,9999999,9999999,5,1	2.962107602610598
5,7,1,9999999,9999999,5,1,0,9999999	3.9314782396712022
5,7,1,9999999,9999999,5,7	2.9150010758505553
5,7,1,9999999,9999999,5,7,0,9999999	3.8742314518032246
5,7,1,9999999,9999999,7	1.4547509823331688
5,7,1,9999999,9999999,7,0,9999999	2.441516695221048
5,7,1,9999999,9999999,7,1	2.930763493981382
5,7,1,9999999,9999999,7,1,0,9999999	3.904714733799377
5,7,3,0	4.379560982125703
5,7,3,9999999	5.26048106916475
5,7,3,9999999,9999999	1.0
5,7,3,9999999,9999999,3	1.5143156723945526
5,7,3,9999999,9999999,3,0,9999999	2.511614836927576
5,7,3,9999999,9999999,5	1.4843467414513651
5,7,3,9999999,9999999,5,0,9999999	2.465226363351901
5,7,3,9999999,9999999,5,3	2.9877165594534407
5,7,3,9999999,9999999,5,3,0,9999999	3.958379650515965
5,7,3,9999999,9999999,5,7	2.9150010758505553
5,7,3,9999999,9999999,5,7,0,9999999	3.8742314518032246
5,7,3,9999999,9999999,7	1.4547509823331688
5,7,3,9999999,9999999,7,0,9999999	2.441516695221048
5,7,3,9999999,9999999,7,3	2.9631611013007295
5,7,3,9999999,9999999,7,3,0,9999999	3.9293635822865562
5,7,4,0	4.309245675916931
5,7,4,9999999	5.22985705472553
5,7,4,9999999,9999999	1.0
5,7,4,9999999,9999999,4	1.4782442390045627
5,7,4,9999999,9999999,4,0,9999999	2.472044804925308
5,7,4,9999999,9999999,5	1.4843467414513651
5,7,4,9999999,9999999,5,0,9999999	2.465226363351901
5,7,4,9999999,9999999,5,4	2.9547741602268105
5,7,4,9999999,9999999,5,4,0,9999999	3.9272627358781746
5,7,4,9999999,9999999,5,7	2.9150010758505553
5,7,4,9999999,9999999,5,7,0,9999999	3.8742314518032246
5,7,4,9999999,9999999,7	1.4547509823331688
5,7,4,9999999,9999999,7,0,9999999	2.441516695221048
5,7,4,9999999,9999999,7,4	2.9227506621921204
5,7,4,9999999,9999999,7,4,0,9999999	3.8934120991218704
6,7,1,0	4.34852487646933
6,7,1,9999999	5.23053369169318
6,7,1,9999999,9999999	1.0
6,7,1,9999999,9999999,1	1.48514733796944
6,7,1,9999999,9999999,1,0,9999999	2.4742222083234875
6,7,1,9999999,9999999,6	1.452866232379231
6,7,1,9999999,9999999,6,0,9999999	2.4511763883597473
6,7,1,9999999,9999999,6,1	2.9280780315713995
6,7,1,9999999,9999999,6,1,0,9999999	3.89937450617556
6,7,1,9999999,9999999,6,7	2.9022375298185357
6,7,1,9999999,9999999,6,7,0,9999999	3.8601824857342755
6,7,1,9999999,9999999,7	1.4547509823331688
6,7,1,9999999,9999999,7,0,9999999	2.441516695221048
6,7,1,9999999,9999999,7,1	2.930763493981382
6,7,1,9999999,9999999,7,1,0,9999999	3.904714733799377
6,7,2,0	4.303493896958627
6,7,2,9999999	5.214190961460443
6,7,2,9999999,9999999	1.0
6,7,2,9999999,9999999,2	1.497689219410113
6,7,2,9999999,9999999,2,0,9999999	2.4958558841872165
6,7,2,9999999,9999999,6	1.452866232379231
6,7,2,9999999,9999999,6,0,9999999	2.4511763883597473
6,7,2,9999999,9999999,6,2	2.939354325255462
6,7,2,9999999,9999999,6,2,0,9999999	3.9234179702489733
6,7,2,9999999,9999999,6,7	2.9022375298185357
6,7,2,9999999,9999999,6,7,0,9999999	3.8601824857342755
6,7,2,9999999,9999999,7	1.4547509823331688
6,7,2,9999999,9999999,7,0,9999999	2.441516695221048
6,7,2,9999999,9999999,7,2	2.925405527318022
6,7,2,9999999,9999999,7,2,0,9999999	3.902539379267999
6,7,3,0	4.362567808200753
6,7,3,9999999	5.244408734388814
6,7,3,9999999,9999999	1.0
6,7,3,9999999,9999999,3	1.5143156723945526
6,7,3,9999999,9999999,3,0,9999999	2.511614836927576
6,7,3,9999999,9999999,6	1.452866232379231
6,7,3,9999999,9999999,6,0,9999999	2.4511763883597473
6,7,3,9999999,9999999,6,3	2.96113444131276
6,7,3,9999999,9999999,6,3,0,9999999	3.9422343776257125
6,7,3,9999999,9999999,6,7	2.9022375298185357
6,7,3,9999999,9999999,6,7,0,9999999	3.8601824857342755
6,7,3,9999999,9999999,7	1.4547509823331688
6,7,3,9999999,9999999,7,0,9999999	2.441516695221048
6,7,3,9999999,9999999,7,3	2.9631611013007295
6,7,3,9999999,9999999,7,3,0,9999999	3.9293635822865562
6,7,4,0	4.317927456788952
6,7,4,9999999	5.203842160280375
6,7,4,9999999,9999999	1.0
6,7,4,9999999,9999999,4	1.4782442390045627
6,7,4,9999999,9999999,4,0,9999999	2.472044804925308
6,7,4,9999999,9999999,6	1.452866232379231
6,7,4,9999999,9999999,6,0,9999999	2.4511763883597473
6,7,4,9999999,9999999,6,4	2.909324202845108
6,7,4,9999999,9999999,6,4,0,9999999	3.8988516043010644
6,7,4,9999999,9999999,6,7	2.9022375298185357
6,7,4,9999999,9999999,6,7,0,9999999	3.8601824857342755
6,7,4,9999999,9999999,7	1.4547509823331688
6,7,4,9999999,9999999,7,0,9999999	2.441516695221048
6,7,4,9999999,9999999,7,4	2.9227506621921204
6,7,4,9999999,9999999,7,4,0,9999999	3.8934120991218704
6,7,5,0	4.303635804851898
6,7,5,9999999	5.19047417256796
6,7,5,9999999,9999999	1.0
6,7,5,9999999,9999999,5	1.4843467414513651
6,7,5,9999999,9999999,5,0,9999999	2.465226363351901
6,7,5,9999999,9999999,6	1.452866232379231
6,7,5,9999999,9999999,6,0,9999999	2.4511763883597473
6,7,5,9999999,9999999,6,5	2.925006202581166
6,7,5,9999999,9999999,6,5,0,9999999	3.8995592933342405
6,7,5,9999999,9999999,6,7	2.9022375298185357
6,7,5,9999999,9999999,6,7,0,9999999	3.8601824857342755
6,7,5,9999999,9999999,7	1.4547509823331688
6,7,5,9999999,9999999,7,0,9999999	2.441516695221048
6,7,5,9999999,9999999,7,5	2.9150010758505553
6,7,5,9999999,9999999,7,5,0,9999999	3.8742314518032237
