1,0	1.48514733796944
1,9999999	2.4742222083234875
1,9999999,9999999	1.0
2,0	1.497689219410113
2,9999999	2.4958558841872165
2,9999999,9999999	1.0
3,0	1.5143156723945526
3,9999999	2.511614836927576
3,9999999,9999999	1.0
4,0	1.4782442390045627
4,9999999	2.472044804925308
4,9999999,9999999	1.0
5,0	1.4843467414513651
5,9999999	2.465226363351901
5,9999999,9999999	1.0
6,0	1.452866232379231
6,9999999	2.4511763883597473
6,9999999,9999999	1.0
7,0	1.4547509823331688
7,9999999	2.441516695221048
7,9999999,9999999	1.0
